feedback_id,status,processed_time
FB00001,SUCCESS,2025-08-13 09:43:58
FB00002,SUCCESS,2025-08-13 09:43:73
FB00003,FAILED,2025-08-13 09:43:88
