feedback_id,status,processed_time
FBP00001,SUCCESS,2025-08-14 09:35:17
FBP00002,SUCCESS,2025-08-14 09:35:32
FBP00003,SUCCESS,2025-08-14 09:35:47
